Graph 279, order 9.
0 0 0 0 0 0 0 0 1
0 0 0 0 1 0 0 0 0
0 0 0 0 0 1 1 0 0
0 0 0 0 0 0 1 1 1
0 1 0 0 0 0 0 1 1
0 0 1 0 0 0 0 1 1
0 0 1 1 0 0 0 0 1
0 0 0 1 1 1 0 0 0
1 0 0 1 1 1 1 0 0

Graph 280, order 9.
0 0 0 0 0 0 0 0 1
0 0 0 0 0 0 1 0 0
0 0 0 0 0 0 0 1 1
0 0 0 0 1 0 0 0 1
0 0 0 1 0 0 0 1 0
0 0 0 0 0 0 1 1 0
0 1 0 0 0 1 0 0 1
0 0 1 0 1 1 0 0 0
1 0 1 1 0 0 1 0 0

Graph 287, order 9.
0 0 0 0 0 0 0 1 0
0 0 0 0 0 0 1 0 0
0 0 0 0 0 0 0 1 1
0 0 0 0 0 1 1 0 0
0 0 0 0 0 1 0 1 1
0 0 0 1 1 0 0 0 1
0 1 0 1 0 0 0 0 1
1 0 1 0 1 0 0 0 0
0 0 1 0 1 1 1 0 0

Graph 288, order 9.
0 0 0 0 0 0 0 0 1
0 0 0 0 0 0 0 1 0
0 0 0 0 0 0 1 0 1
0 0 0 0 1 0 1 0 0
0 0 0 1 0 0 0 1 1
0 0 0 0 0 0 1 1 1
0 0 1 1 0 1 0 0 0
0 1 0 0 1 1 0 0 0
1 0 1 0 1 1 0 0 0

Graph 294, order 9.
0 0 0 0 0 0 0 0 1
0 0 0 0 0 0 0 1 0
0 0 0 0 0 0 1 0 1
0 0 0 0 0 1 0 1 0
0 0 0 0 0 1 1 0 1
0 0 0 1 1 0 0 0 1
0 0 1 0 1 0 0 1 0
0 1 0 1 0 0 1 0 1
1 0 1 0 1 1 0 1 0

Graph 295, order 9.
0 0 0 0 0 0 0 1 0
0 0 0 0 0 0 1 0 0
0 0 0 1 1 0 0 0 0
0 0 1 0 0 1 0 0 1
0 0 1 0 0 0 0 1 1
0 0 0 1 0 0 1 0 1
0 1 0 0 0 1 0 1 1
1 0 0 0 1 0 1 0 1
0 0 0 1 1 1 1 1 0

Graph 296, order 9.
0 0 0 0 0 0 0 0 1
0 0 0 0 0 0 0 1 0
0 0 0 1 0 1 0 0 0
0 0 1 0 0 0 0 1 1
0 0 0 0 0 0 1 1 1
0 0 1 0 0 0 1 0 1
0 0 0 0 1 1 0 0 1
0 1 0 1 1 0 0 0 0
1 0 0 1 1 1 1 0 0

Graph 297, order 9.
0 0 1 0 0 0 0 0 0
0 0 0 0 0 0 1 0 1
1 0 0 0 0 0 1 0 0
0 0 0 0 0 1 0 0 1
0 0 0 0 0 0 0 1 1
0 0 0 1 0 0 0 1 0
0 1 1 0 0 0 0 1 0
0 0 0 0 1 1 1 0 1
0 1 0 1 1 0 0 1 0

Graph 299, order 9.
0 0 0 0 0 0 1 0 0
0 0 0 0 0 0 0 1 1
0 0 0 1 0 0 0 0 1
0 0 1 0 0 0 0 1 0
0 0 0 0 0 1 0 1 0
0 0 0 0 1 0 1 0 1
1 0 0 0 0 1 0 0 1
0 1 0 1 1 0 0 0 0
0 1 1 0 0 1 1 0 0

Graph 302, order 9.
0 0 0 0 0 0 0 0 1
0 0 1 0 0 0 1 0 0
0 1 0 0 0 0 0 1 1
0 0 0 0 0 1 0 1 1
0 0 0 0 0 0 1 1 1
0 0 0 1 0 0 1 0 1
0 1 0 0 1 1 0 0 0
0 0 1 1 1 0 0 0 0
1 0 1 1 1 1 0 0 0

Graph 303, order 9.
0 0 0 0 0 0 0 0 1
0 0 0 0 0 0 0 1 1
0 0 0 0 0 0 1 0 1
0 0 0 0 0 1 0 1 0
0 0 0 0 0 0 1 1 0
0 0 0 1 0 0 1 0 1
0 0 1 0 1 1 0 0 0
0 1 0 1 1 0 0 0 0
1 1 1 0 0 1 0 0 0

Graph 304, order 9.
0 0 0 0 0 0 0 0 1
0 0 1 0 0 0 0 0 1
0 1 0 0 0 0 0 1 0
0 0 0 0 0 1 1 0 0
0 0 0 0 0 0 1 1 1
0 0 0 1 0 0 0 1 1
0 0 0 1 1 0 0 0 1
0 0 1 0 1 1 0 0 0
1 1 0 0 1 1 1 0 0

Graph 305, order 9.
0 0 0 0 0 0 0 0 1
0 0 1 0 0 0 1 0 0
0 1 0 0 0 0 0 1 0
0 0 0 0 1 0 1 0 1
0 0 0 1 0 0 0 1 1
0 0 0 0 0 0 1 1 1
0 1 0 1 0 1 0 0 0
0 0 1 0 1 1 0 0 0
1 0 0 1 1 1 0 0 0

Graph 306, order 9.
0 0 0 0 1 0 0 0 0
0 0 0 0 1 0 0 0 1
0 0 0 0 0 0 1 0 1
0 0 0 0 0 0 0 1 1
1 1 0 0 0 0 0 0 0
0 0 0 0 0 0 1 1 0
0 0 1 0 0 1 0 0 0
0 0 0 1 0 1 0 0 0
0 1 1 1 0 0 0 0 0

Graph 307, order 9.
0 1 0 0 0 0 0 0 0
1 0 0 0 0 0 1 0 0
0 0 0 0 0 0 0 1 1
0 0 0 0 1 0 1 1 0
0 0 0 1 0 1 0 0 1
0 0 0 0 1 0 0 1 1
0 1 0 1 0 0 0 1 1
0 0 1 1 0 1 1 0 1
0 0 1 0 1 1 1 1 0

Graph 308, order 9.
0 0 0 0 0 0 0 0 1
0 0 0 0 0 0 0 1 1
0 0 0 0 0 1 0 1 0
0 0 0 0 0 0 1 1 0
0 0 0 0 0 1 1 0 0
0 0 1 0 1 0 0 0 1
0 0 0 1 1 0 0 0 1
0 1 1 1 0 0 0 0 0
1 1 0 0 0 1 1 0 0

Graph 309, order 9.
0 0 0 0 0 0 0 0 1
0 0 0 0 0 0 0 1 1
0 0 0 0 1 0 1 0 0
0 0 0 0 0 1 1 0 0
0 0 1 0 0 0 0 1 1
0 0 0 1 0 0 0 1 1
0 0 1 1 0 0 0 0 1
0 1 0 0 1 1 0 0 0
1 1 0 0 1 1 1 0 0

Graph 310, order 9.
0 0 0 0 0 1 0 0 0
0 0 0 0 1 0 1 0 1
0 0 0 0 0 1 1 0 1
0 0 0 0 1 0 0 1 1
0 1 0 1 0 0 0 0 1
1 0 1 0 0 0 0 1 0
0 1 1 0 0 0 0 1 0
0 0 0 1 0 1 1 0 1
0 1 1 1 1 0 0 1 0

Graph 311, order 9.
0 0 0 0 0 0 1 0 0
0 0 0 0 0 0 0 1 1
0 0 0 1 0 0 0 1 1
0 0 1 0 1 0 0 0 1
0 0 0 1 0 1 0 0 1
0 0 0 0 1 0 1 1 1
1 0 0 0 0 1 0 1 1
0 1 1 0 0 1 1 0 0
0 1 1 1 1 1 1 0 0

Graph 312, order 9.
0 0 0 0 1 0 0 0 0
0 0 0 0 1 0 1 0 0
0 0 0 0 0 1 0 1 0
0 0 0 0 0 1 0 0 1
1 1 0 0 0 1 0 0 0
0 0 1 1 1 0 0 0 0
0 1 0 0 0 0 0 1 1
0 0 1 0 0 0 1 0 1
0 0 0 1 0 0 1 1 0

Graph 313, order 9.
0 0 0 0 0 0 0 0 1
0 0 0 0 0 0 0 1 1
0 0 0 0 0 1 0 1 0
0 0 0 0 0 0 1 1 0
0 0 0 0 0 1 1 0 1
0 0 1 0 1 0 0 0 1
0 0 0 1 1 0 0 0 1
0 1 1 1 0 0 0 0 0
1 1 0 0 1 1 1 0 0

Graph 314, order 9.
0 0 0 0 0 0 0 0 1
0 0 0 0 0 1 0 0 0
0 0 0 1 0 0 0 0 1
0 0 1 0 0 0 1 0 0
0 0 0 0 0 1 0 1 0
0 1 0 0 1 0 0 0 0
0 0 0 1 0 0 0 1 1
0 0 0 0 1 0 1 0 1
1 0 1 0 0 0 1 1 0

Graph 315, order 9.
0 0 0 0 0 0 0 1 0
0 0 0 1 0 0 0 0 0
0 0 0 0 0 1 0 0 1
0 1 0 0 0 0 0 0 1
0 0 0 0 0 1 1 0 0
0 0 1 0 1 0 0 0 0
0 0 0 0 1 0 0 1 1
1 0 0 0 0 0 1 0 1
0 0 1 1 0 0 1 1 0

Graph 316, order 9.
0 0 0 0 0 0 0 0 1
0 0 0 0 1 0 0 0 0
0 0 0 1 0 0 0 0 1
0 0 1 0 0 0 1 0 0
0 1 0 0 0 0 0 1 0
0 0 0 0 0 0 1 1 0
0 0 0 1 0 1 0 0 1
0 0 0 0 1 1 0 0 1
1 0 1 0 0 0 1 1 0

Graph 317, order 9.
0 0 0 0 0 0 0 0 1
0 0 0 0 0 0 1 0 0
0 0 0 0 0 0 0 1 1
0 0 0 0 0 1 0 0 1
0 0 0 0 0 1 0 1 0
0 0 0 1 1 0 0 0 0
0 1 0 0 0 0 0 1 1
0 0 1 0 1 0 1 0 0
1 0 1 1 0 0 1 0 0

Graph 318, order 9.
0 0 0 0 0 0 1 0 0
0 0 0 1 0 0 0 1 0
0 0 0 1 0 1 0 0 1
0 1 1 0 0 0 0 0 1
0 0 0 0 0 0 1 1 1
0 0 1 0 0 0 1 1 0
1 0 0 0 1 1 0 0 1
0 1 0 0 1 1 0 0 1
0 0 1 1 1 0 1 1 0

Graph 319, order 9.
0 0 0 0 0 0 0 0 1
0 0 0 0 0 1 0 0 0
0 0 0 1 0 0 0 0 1
0 0 1 0 1 0 0 0 0
0 0 0 1 0 0 0 1 0
0 1 0 0 0 0 1 0 0
0 0 0 0 0 1 0 1 1
0 0 0 0 1 0 1 0 1
1 0 1 0 0 0 1 1 0

Graph 320, order 9.
0 0 0 0 0 0 0 0 1
0 0 0 0 0 0 1 0 0
0 0 0 1 0 1 0 0 0
0 0 1 0 1 0 0 0 0
0 0 0 1 0 0 0 1 0
0 0 1 0 0 0 0 1 1
0 1 0 0 0 0 0 1 1
0 0 0 0 1 1 1 0 1
1 0 0 0 0 1 1 1 0

Graph 321, order 9.
0 0 0 0 0 0 0 0 1
0 0 0 0 0 0 0 1 0
0 0 0 0 0 0 1 1 0
0 0 0 0 0 1 1 0 0
0 0 0 0 0 1 0 1 1
0 0 0 1 1 0 0 0 1
0 0 1 1 0 0 0 0 1
0 1 1 0 1 0 0 0 0
1 0 0 0 1 1 1 0 0

Graph 322, order 9.
0 0 0 0 0 0 0 0 1
0 0 0 0 0 0 0 1 0
0 0 0 0 0 1 0 1 0
0 0 0 0 1 0 1 0 0
0 0 0 1 0 0 0 1 1
0 0 1 0 0 0 1 0 1
0 0 0 1 0 1 0 0 1
0 1 1 0 1 0 0 0 0
1 0 0 0 1 1 1 0 0

Graph 323, order 9.
0 0 0 0 0 0 0 0 1
0 0 0 0 0 0 0 1 0
0 0 0 1 0 0 0 0 1
0 0 1 0 1 0 0 0 0
0 0 0 1 0 1 0 0 0
0 0 0 0 1 0 1 0 1
0 0 0 0 0 1 0 1 1
0 1 0 0 0 0 1 0 1
1 0 1 0 0 1 1 1 0

Graph 324, order 9.
0 0 0 0 0 0 0 0 1
0 0 0 0 0 0 0 1 0
0 0 0 1 0 0 0 0 1
0 0 1 0 1 0 0 0 0
0 0 0 1 0 1 0 0 0
0 0 0 0 1 0 1 0 0
0 0 0 0 0 1 0 1 1
0 1 0 0 0 0 1 0 1
1 0 1 0 0 0 1 1 0

Graph 325, order 9.
0 0 0 0 0 0 0 1 0
0 0 0 0 1 0 0 0 0
0 0 0 0 0 0 0 1 1
0 0 0 0 0 0 1 1 0
0 1 0 0 0 1 0 0 1
0 0 0 0 1 0 1 0 1
0 0 0 1 0 1 0 0 1
1 0 1 1 0 0 0 0 0
0 0 1 0 1 1 1 0 0

Graph 326, order 9.
0 0 0 0 0 0 0 0 1
0 0 0 0 0 0 1 0 0
0 0 0 1 0 0 0 0 1
0 0 1 0 1 0 0 0 0
0 0 0 1 0 0 0 1 0
0 0 0 0 0 0 1 1 0
0 1 0 0 0 1 0 0 1
0 0 0 0 1 1 0 0 1
1 0 1 0 0 0 1 1 0

Graph 327, order 9.
0 0 0 0 0 0 0 0 1
0 0 0 0 0 0 1 0 0
0 0 0 0 0 1 0 0 1
0 0 0 0 0 0 0 1 1
0 0 0 0 0 1 1 0 0
0 0 1 0 1 0 0 1 0
0 1 0 0 1 0 0 1 0
0 0 0 1 0 1 1 0 1
1 0 1 1 0 0 0 1 0

Graph 328, order 9.
0 0 0 0 0 0 0 0 1
0 0 0 0 0 0 0 1 0
0 0 0 0 0 0 0 1 1
0 0 0 0 1 0 0 0 1
0 0 0 1 0 1 0 0 0
0 0 0 0 1 0 1 0 0
0 0 0 0 0 1 0 1 1
0 1 1 0 0 0 1 0 0
1 0 1 1 0 0 1 0 0

Graph 329, order 9.
0 0 0 0 0 0 0 0 1
0 0 0 0 0 0 0 1 0
0 0 0 0 0 0 1 1 0
0 0 0 0 1 1 0 0 0
0 0 0 1 0 0 0 1 1
0 0 0 1 0 0 1 0 1
0 0 1 0 0 1 0 0 1
0 1 1 0 1 0 0 0 1
1 0 0 0 1 1 1 1 0

Graph 330, order 9.
0 0 0 0 0 0 0 0 1
0 0 0 0 0 0 0 1 0
0 0 0 0 0 0 1 1 0
0 0 0 0 0 1 1 0 0
0 0 0 0 0 1 0 1 1
0 0 0 1 1 0 0 0 1
0 0 1 1 0 0 0 0 1
0 1 1 0 1 0 0 0 1
1 0 0 0 1 1 1 1 0

Graph 331, order 9.
0 1 0 0 0 0 0 0 0
1 0 0 0 0 0 0 0 1
0 0 0 0 0 0 1 0 1
0 0 0 0 0 0 0 1 1
0 0 0 0 0 1 1 0 0
0 0 0 0 1 0 0 1 0
0 0 1 0 1 0 0 0 0
0 0 0 1 0 1 0 0 0
0 1 1 1 0 0 0 0 0

Graph 332, order 9.
0 0 0 0 0 1 0 0 0
0 0 0 0 0 0 0 1 1
0 0 0 0 0 0 1 0 1
0 0 0 0 1 0 0 1 0
0 0 0 1 0 0 1 0 0
1 0 0 0 0 0 0 1 1
0 0 1 0 1 0 0 0 1
0 1 0 1 0 1 0 0 0
0 1 1 0 0 1 1 0 0

Graph 333, order 9.
0 1 0 0 0 0 0 0 0
1 0 0 0 0 0 1 0 0
0 0 0 1 1 0 0 0 0
0 0 1 0 0 1 0 0 0
0 0 1 0 0 0 0 1 0
0 0 0 1 0 0 0 0 1
0 1 0 0 0 0 0 1 1
0 0 0 0 1 0 1 0 1
0 0 0 0 0 1 1 1 0

Graph 334, order 9.
0 0 0 0 0 0 0 0 1
0 0 0 0 0 0 0 1 1
0 0 0 1 0 0 1 0 0
0 0 1 0 0 1 0 0 0
0 0 0 0 0 0 1 1 1
0 0 0 1 0 0 0 1 1
0 0 1 0 1 0 0 0 1
0 1 0 0 1 1 0 0 0
1 1 0 0 1 1 1 0 0

Graph 335, order 9.
0 0 0 0 0 0 1 0 0
0 0 1 1 0 0 0 0 0
0 1 0 0 1 0 0 0 0
0 1 0 0 0 1 0 0 0
0 0 1 0 0 0 0 1 0
0 0 0 1 0 0 0 0 1
1 0 0 0 0 0 0 1 1
0 0 0 0 1 0 1 0 1
0 0 0 0 0 1 1 1 0

Graph 336, order 9.
0 0 0 0 0 0 0 0 1
0 0 0 0 0 0 0 1 1
0 0 0 1 0 0 0 1 0
0 0 1 0 0 0 1 0 0
0 0 0 0 0 1 1 0 0
0 0 0 0 1 0 0 1 1
0 0 0 1 1 0 0 0 1
0 1 1 0 0 1 0 0 0
1 1 0 0 0 1 1 0 0

Graph 337, order 9.
0 0 0 0 0 0 0 0 1
0 0 0 0 0 0 1 0 1
0 0 0 0 0 0 0 1 1
0 0 0 0 1 1 0 0 0
0 0 0 1 0 0 1 0 0
0 0 0 1 0 0 0 1 0
0 1 0 0 1 0 0 0 0
0 0 1 0 0 1 0 0 0
1 1 1 0 0 0 0 0 0

Graph 338, order 9.
0 0 0 0 0 0 1 0 0
0 0 0 0 1 0 0 0 1
0 0 0 0 0 1 0 0 1
0 0 0 0 1 0 0 1 0
0 1 0 1 0 0 0 0 0
0 0 1 0 0 0 0 1 1
1 0 0 0 0 0 0 1 1
0 0 0 1 0 1 1 0 0
0 1 1 0 0 1 1 0 0

Graph 339, order 9.
0 0 0 0 1 0 0 0 0
0 0 0 1 0 0 0 0 1
0 0 0 1 0 0 0 1 0
0 1 1 0 0 0 0 0 0
1 0 0 0 0 1 0 0 1
0 0 0 0 1 0 1 0 1
0 0 0 0 0 1 0 1 1
0 0 1 0 0 0 1 0 1
0 1 0 0 1 1 1 1 0

Graph 340, order 9.
0 0 0 0 0 0 1 0 0
0 0 1 0 0 0 0 0 1
0 1 0 1 0 0 0 0 0
0 0 1 0 0 0 0 1 0
0 0 0 0 0 1 1 0 0
0 0 0 0 1 0 0 1 1
1 0 0 0 1 0 0 0 1
0 0 0 1 0 1 0 0 1
0 1 0 0 0 1 1 1 0

Graph 341, order 9.
0 0 0 0 0 0 1 0 0
0 0 0 0 0 0 1 1 0
0 0 0 0 0 0 1 0 1
0 0 0 0 1 1 0 0 0
0 0 0 1 0 0 0 1 0
0 0 0 1 0 0 0 0 1
1 1 1 0 0 0 0 0 0
0 1 0 0 1 0 0 0 1
0 0 1 0 0 1 0 1 0

Graph 342, order 9.
0 0 0 0 0 0 0 1 0
0 0 0 0 0 1 0 1 0
0 0 0 0 1 0 1 0 0
0 0 0 0 1 0 0 1 1
0 0 1 1 0 0 0 0 1
0 1 0 0 0 0 1 0 1
0 0 1 0 0 1 0 0 1
1 1 0 1 0 0 0 0 0
0 0 0 1 1 1 1 0 0

Graph 343, order 9.
0 0 0 0 0 0 0 0 1
0 0 0 0 0 0 0 1 1
0 0 0 0 1 0 0 1 0
0 0 0 0 0 0 1 1 0
0 0 1 0 0 1 0 0 0
0 0 0 0 1 0 1 0 1
0 0 0 1 0 1 0 0 1
0 1 1 1 0 0 0 0 0
1 1 0 0 0 1 1 0 0

Graph 344, order 9.
0 0 0 0 0 0 0 0 1
0 0 0 1 0 1 0 0 0
0 0 0 0 1 1 0 0 0
0 1 0 0 0 0 1 0 0
0 0 1 0 0 0 0 1 0
0 1 1 0 0 0 0 0 1
0 0 0 1 0 0 0 1 1
0 0 0 0 1 0 1 0 1
1 0 0 0 0 1 1 1 0

Graph 345, order 9.
0 0 0 0 0 0 0 0 1
0 0 0 0 1 0 1 0 0
0 0 0 0 0 1 0 1 0
0 0 0 0 0 0 1 1 1
0 1 0 0 0 0 0 1 1
0 0 1 0 0 0 1 0 1
0 1 0 1 0 1 0 0 0
0 0 1 1 1 0 0 0 0
1 0 0 1 1 1 0 0 0

Graph 346, order 9.
0 0 0 0 0 0 0 0 1
0 0 0 0 0 1 0 0 1
0 0 0 0 0 0 1 0 1
0 0 0 0 0 1 0 1 0
0 0 0 0 0 0 1 1 0
0 1 0 1 0 0 0 0 0
0 0 1 0 1 0 0 0 0
0 0 0 1 1 0 0 0 1
1 1 1 0 0 0 0 1 0

Graph 347, order 9.
0 0 0 0 1 0 0 0 0
0 0 0 0 0 1 0 0 1
0 0 0 0 0 0 0 1 1
0 0 0 0 0 1 1 0 0
1 0 0 0 0 1 0 1 0
0 1 0 1 1 0 0 0 0
0 0 0 1 0 0 0 1 1
0 0 1 0 1 0 1 0 1
0 1 1 0 0 0 1 1 0

Graph 348, order 9.
0 0 0 0 0 0 0 0 1
0 0 0 0 1 1 0 0 0
0 0 0 1 0 0 1 0 0
0 0 1 0 0 0 0 1 0
0 1 0 0 0 0 1 0 1
0 1 0 0 0 0 0 1 1
0 0 1 0 1 0 0 0 1
0 0 0 1 0 1 0 0 1
1 0 0 0 1 1 1 1 0

Graph 349, order 9.
0 0 0 0 0 0 0 0 1
0 0 0 0 1 0 1 0 0
0 0 0 0 0 1 0 1 0
0 0 0 0 0 0 1 1 0
0 1 0 0 0 1 0 0 1
0 0 1 0 1 0 0 0 1
0 1 0 1 0 0 0 0 1
0 0 1 1 0 0 0 0 1
1 0 0 0 1 1 1 1 0

Graph 350, order 9.
0 0 0 0 1 0 0 0 0
0 0 0 0 0 0 1 0 1
0 0 0 0 0 0 0 1 1
0 0 0 0 0 1 1 0 0
1 0 0 0 0 1 0 1 0
0 0 0 1 1 0 0 0 1
0 1 0 1 0 0 0 1 0
0 0 1 0 1 0 1 0 1
0 1 1 0 0 1 0 1 0

Graph 351, order 9.
0 0 0 0 0 0 0 0 1
0 0 0 0 0 0 0 1 1
0 0 0 0 0 0 1 1 0
0 0 0 0 0 1 1 0 0
0 0 0 0 0 1 0 1 1
0 0 0 1 1 0 0 0 1
0 0 1 1 0 0 0 0 1
0 1 1 0 1 0 0 0 0
1 1 0 0 1 1 1 0 0

Graph 352, order 9.
0 0 0 0 1 0 0 0 0
0 0 0 0 0 0 0 1 1
0 0 0 0 0 1 0 1 1
0 0 0 0 0 1 1 0 1
1 0 0 0 0 0 1 0 1
0 0 1 1 0 0 0 1 0
0 0 0 1 1 0 0 1 1
0 1 1 0 0 1 1 0 0
0 1 1 1 1 0 1 0 0

Graph 353, order 9.
0 0 0 0 0 0 0 0 1
0 0 0 0 0 1 0 1 0
0 0 0 0 0 0 1 1 0
0 0 0 0 1 1 0 0 1
0 0 0 1 0 0 1 0 1
0 1 0 1 0 0 0 0 1
0 0 1 0 1 0 0 0 1
0 1 1 0 0 0 0 0 1
1 0 0 1 1 1 1 1 0

Graph 354, order 9.
0 0 0 0 0 0 0 0 1
0 0 0 0 0 0 1 0 1
0 0 0 0 0 0 0 1 1
0 0 0 0 0 1 1 0 0
0 0 0 0 0 1 0 1 0
0 0 0 1 1 0 0 0 1
0 1 0 1 0 0 0 1 0
0 0 1 0 1 0 1 0 0
1 1 1 0 0 1 0 0 0

Graph 355, order 9.
0 0 0 0 0 0 0 1 0
0 0 1 1 0 0 0 0 0
0 1 0 0 1 0 0 0 1
0 1 0 0 0 1 1 0 0
0 0 1 0 0 0 1 0 1
0 0 0 1 0 0 0 1 1
0 0 0 1 1 0 0 1 0
1 0 0 0 0 1 1 0 1
0 0 1 0 1 1 0 1 0

Graph 356, order 9.
0 0 0 0 0 0 0 0 1
0 0 1 1 0 0 0 0 0
0 1 0 0 0 0 1 0 1
0 1 0 0 0 0 0 1 1
0 0 0 0 0 1 1 0 1
0 0 0 0 1 0 0 1 1
0 0 1 0 1 0 0 0 1
0 0 0 1 0 1 0 0 1
1 0 1 1 1 1 1 1 0

Graph 357, order 9.
0 0 0 0 0 0 0 1 0
0 0 0 0 0 1 1 0 0
0 0 0 0 1 0 0 1 0
0 0 0 0 1 1 0 0 1
0 0 1 1 0 0 0 0 1
0 1 0 1 0 0 0 0 1
0 1 0 0 0 0 0 1 1
1 0 1 0 0 0 1 0 1
0 0 0 1 1 1 1 1 0

Graph 358, order 9.
0 0 0 0 0 0 0 0 1
0 0 0 0 1 0 1 0 0
0 0 0 0 0 1 0 1 0
0 0 0 0 1 1 0 0 1
0 1 0 1 0 0 0 0 1
0 0 1 1 0 0 0 0 1
0 1 0 0 0 0 0 1 1
0 0 1 0 0 0 1 0 1
1 0 0 1 1 1 1 1 0

Graph 359, order 9.
0 0 0 0 0 0 0 0 1
0 0 1 0 0 0 1 0 0
0 1 0 0 0 0 0 1 0
0 0 0 0 1 1 0 0 1
0 0 0 1 0 0 1 0 1
0 0 0 1 0 0 0 1 1
0 1 0 0 1 0 0 0 1
0 0 1 0 0 1 0 0 1
1 0 0 1 1 1 1 1 0

Graph 360, order 9.
0 0 0 0 0 0 0 1 0
0 0 1 0 0 0 0 0 1
0 1 0 1 0 0 0 0 0
0 0 1 0 0 0 1 0 0
0 0 0 0 0 1 1 0 0
0 0 0 0 1 0 0 1 1
0 0 0 1 1 0 0 0 1
1 0 0 0 0 1 0 0 1
0 1 0 0 0 1 1 1 0

Graph 361, order 9.
0 0 0 0 0 0 0 1 0
0 0 0 0 0 0 1 0 1
0 0 0 1 0 0 0 0 1
0 0 1 0 0 0 0 1 0
0 0 0 0 0 1 1 0 0
0 0 0 0 1 0 0 1 1
0 1 0 0 1 0 0 0 1
1 0 0 1 0 1 0 0 0
0 1 1 0 0 1 1 0 0

Graph 362, order 9.
0 0 0 0 0 0 0 0 1
0 0 0 0 0 0 0 1 1
0 0 0 0 1 0 0 1 0
0 0 0 0 1 0 1 0 0
0 0 1 1 0 0 0 0 0
0 0 0 0 0 0 1 1 1
0 0 0 1 0 1 0 0 1
0 1 1 0 0 1 0 0 0
1 1 0 0 0 1 1 0 0

Graph 363, order 9.
0 0 0 0 0 0 0 0 1
0 0 0 0 0 0 1 1 0
0 0 0 1 0 0 0 1 0
0 0 1 0 0 1 0 0 0
0 0 0 0 0 1 1 0 1
0 0 0 1 1 0 0 0 1
0 1 0 0 1 0 0 0 1
0 1 1 0 0 0 0 0 1
1 0 0 0 1 1 1 1 0

Graph 364, order 9.
0 1 0 0 0 0 0 1 0
1 0 0 0 0 0 0 0 1
0 0 0 1 1 0 0 1 1
0 0 1 0 0 1 0 1 1
0 0 1 0 0 0 1 1 1
0 0 0 1 0 0 1 1 1
0 0 0 0 1 1 0 1 1
1 0 1 1 1 1 1 0 0
0 1 1 1 1 1 1 0 0

Graph 365, order 9.
0 1 0 0 0 0 0 1 0
1 0 0 0 0 0 0 0 1
0 0 0 0 1 0 0 0 1
0 0 0 0 0 1 0 0 1
0 0 1 0 0 0 0 1 0
0 0 0 1 0 0 0 1 0
0 0 0 0 0 0 0 1 1
1 0 0 0 1 1 1 0 0
0 1 1 1 0 0 1 0 0

Graph 366, order 9.
0 0 0 0 1 0 0 0 1
0 0 0 0 0 1 0 0 1
0 0 0 0 0 0 1 0 1
0 0 0 0 0 0 0 1 1
1 0 0 0 0 1 1 1 0
0 1 0 0 1 0 1 1 0
0 0 1 0 1 1 0 1 0
0 0 0 1 1 1 1 0 0
1 1 1 1 0 0 0 0 0

Graph 367, order 9.
0 0 0 0 0 0 1 0 1
0 0 0 1 0 0 0 0 1
0 0 0 0 1 0 0 0 1
0 1 0 0 0 1 0 1 0
0 0 1 0 0 1 0 1 0
0 0 0 1 1 0 1 0 0
1 0 0 0 0 1 0 1 1
0 0 0 1 1 0 1 0 1
1 1 1 0 0 0 1 1 0

Graph 368, order 9.
0 0 0 0 1 0 0 0 1
0 0 0 0 0 1 0 0 1
0 0 0 0 0 0 1 0 1
0 0 0 0 0 0 0 1 1
1 0 0 0 0 1 0 0 0
0 1 0 0 1 0 0 0 0
0 0 1 0 0 0 0 1 0
0 0 0 1 0 0 1 0 0
1 1 1 1 0 0 0 0 0

Graph 369, order 9.
0 0 0 0 0 0 0 1 1
0 0 0 0 0 1 0 1 1
0 0 0 0 0 0 1 1 1
0 0 0 0 0 1 1 0 1
0 0 0 0 0 1 1 1 0
0 1 0 1 1 0 0 0 0
0 0 1 1 1 0 0 0 1
1 1 1 0 1 0 0 0 0
1 1 1 1 0 0 1 0 0

Graph 370, order 9.
0 1 0 0 0 0 0 1 0
1 0 0 0 0 0 0 0 1
0 0 0 0 0 0 0 1 1
0 0 0 0 0 0 1 1 0
0 0 0 0 0 0 1 0 1
0 0 0 0 0 0 1 1 1
0 0 0 1 1 1 0 0 0
1 0 1 1 0 1 0 0 0
0 1 1 0 1 1 0 0 0

Graph 371, order 9.
0 0 0 0 1 0 0 0 1
0 0 0 0 0 0 0 1 1
0 0 0 0 0 1 0 0 1
0 0 0 0 0 0 1 0 1
1 0 0 0 0 1 1 0 0
0 0 1 0 1 0 0 1 0
0 0 0 1 1 0 0 1 0
0 1 0 0 0 1 1 0 0
1 1 1 1 0 0 0 0 0

Graph 372, order 9.
0 0 0 0 0 0 1 1 1
0 0 0 1 0 1 0 0 1
0 0 0 0 1 1 0 0 1
0 1 0 0 0 0 1 1 0
0 0 1 0 0 0 1 1 0
0 1 1 0 0 0 0 1 1
1 0 0 1 1 0 0 0 1
1 0 0 1 1 1 0 0 0
1 1 1 0 0 1 1 0 0

Graph 373, order 9.
0 0 0 0 0 0 1 0 1
0 0 0 0 0 0 0 1 1
0 0 0 0 1 0 1 0 1
0 0 0 0 1 0 0 1 1
0 0 1 1 0 1 0 0 0
0 0 0 0 1 0 1 1 1
1 0 1 0 0 1 0 1 0
0 1 0 1 0 1 1 0 0
1 1 1 1 0 1 0 0 0

Graph 374, order 9.
0 0 0 0 0 0 0 1 1
0 0 0 0 1 0 0 1 0
0 0 0 0 0 1 0 0 1
0 0 0 0 1 1 0 0 0
0 1 0 1 0 0 1 0 1
0 0 1 1 0 0 1 1 0
0 0 0 0 1 1 0 1 1
1 1 0 0 0 1 1 0 1
1 0 1 0 1 0 1 1 0

Graph 375, order 9.
0 0 0 0 0 0 1 1 0
0 0 0 0 0 0 1 0 1
0 0 0 0 1 0 1 0 0
0 0 0 0 0 1 1 0 0
0 0 1 0 0 0 0 1 1
0 0 0 1 0 0 0 1 1
1 1 1 1 0 0 0 0 0
1 0 0 0 1 1 0 0 1
0 1 0 0 1 1 0 1 0

Graph 376, order 9.
0 1 1 0 0 0 0 0 0
1 0 0 0 0 0 1 0 1
1 0 0 0 0 0 0 1 1
0 0 0 0 1 0 1 0 1
0 0 0 1 0 0 0 1 1
0 0 0 0 0 0 1 1 1
0 1 0 1 0 1 0 0 1
0 0 1 0 1 1 0 0 1
0 1 1 1 1 1 1 1 0

Graph 377, order 9.
0 0 0 0 0 0 0 1 1
0 0 0 0 0 0 1 0 1
0 0 0 0 1 0 0 0 1
0 0 0 0 0 1 0 0 1
0 0 1 0 0 0 1 0 0
0 0 0 1 0 0 0 1 0
0 1 0 0 1 0 0 1 0
1 0 0 0 0 1 1 0 0
1 1 1 1 0 0 0 0 0

Graph 378, order 9.
0 0 0 0 0 0 0 1 1
0 0 1 0 0 1 0 1 0
0 1 0 0 0 0 1 0 1
0 0 0 0 1 1 0 0 1
0 0 0 1 0 0 1 1 0
0 1 0 1 0 0 0 1 1
0 0 1 0 1 0 0 1 1
1 1 0 0 1 1 1 0 0
1 0 1 1 0 1 1 0 0

Graph 379, order 9.
0 0 0 0 0 0 0 1 1
0 0 1 1 0 0 1 0 0
0 1 0 0 1 1 0 0 0
0 1 0 0 1 0 0 1 0
0 0 1 1 0 0 0 0 1
0 0 1 0 0 0 1 0 1
0 1 0 0 0 1 0 1 0
1 0 0 1 0 0 1 0 1
1 0 0 0 1 1 0 1 0

Graph 380, order 9.
0 0 0 0 1 0 0 0 1
0 0 0 0 0 0 0 1 1
0 0 0 0 0 1 0 1 0
0 0 0 0 0 0 1 1 0
1 0 0 0 0 0 0 1 1
0 0 1 0 0 0 1 0 1
0 0 0 1 0 1 0 0 1
0 1 1 1 1 0 0 0 0
1 1 0 0 1 1 1 0 0

Graph 381, order 9.
0 1 0 0 0 0 0 0 1
1 0 0 0 1 0 0 0 0
0 0 0 1 0 1 0 0 0
0 0 1 0 0 0 1 0 0
0 1 0 0 0 0 0 1 1
0 0 1 0 0 0 0 1 1
0 0 0 1 0 0 0 1 1
0 0 0 0 1 1 1 0 0
1 0 0 0 1 1 1 0 0

Graph 382, order 9.
0 1 1 0 0 0 0 0 0
1 0 0 0 0 0 0 0 1
1 0 0 0 0 0 0 1 0
0 0 0 0 1 1 0 0 0
0 0 0 1 0 0 1 0 0
0 0 0 1 0 0 0 1 0
0 0 0 0 1 0 0 0 1
0 0 1 0 0 1 0 0 0
0 1 0 0 0 0 1 0 0

Graph 383, order 9.
0 0 0 0 0 0 0 1 1
0 0 0 1 0 1 0 0 0
0 0 0 0 1 0 1 0 0
0 1 0 0 1 0 0 0 1
0 0 1 1 0 0 0 1 0
0 1 0 0 0 0 1 1 1
0 0 1 0 0 1 0 1 1
1 0 0 0 1 1 1 0 1
1 0 0 1 0 1 1 1 0

Graph 384, order 9.
0 0 0 0 0 0 0 1 1
0 0 0 1 0 0 0 0 1
0 0 0 0 1 1 0 1 0
0 1 0 0 0 1 1 0 0
0 0 1 0 0 0 1 1 1
0 0 1 1 0 0 0 1 1
0 0 0 1 1 0 0 1 1
1 0 1 0 1 1 1 0 0
1 1 0 0 1 1 1 0 0

Graph 385, order 9.
0 0 0 0 0 0 0 1 1
0 0 0 1 0 0 0 1 0
0 0 0 0 0 1 1 0 1
0 1 0 0 1 1 0 0 1
0 0 0 1 0 0 1 1 1
0 0 1 1 0 0 0 1 1
0 0 1 0 1 0 0 1 1
1 1 0 0 1 1 1 0 0
1 0 1 1 1 1 1 0 0

Graph 386, order 9.
0 0 1 0 0 0 0 0 1
0 0 1 0 0 0 0 1 0
1 1 0 0 0 0 0 0 0
0 0 0 0 0 1 0 1 1
0 0 0 0 0 0 1 1 1
0 0 0 1 0 0 1 0 1
0 0 0 0 1 1 0 0 1
0 1 0 1 1 0 0 0 0
1 0 0 1 1 1 1 0 0

Graph 387, order 9.
0 0 0 0 0 1 0 0 1
0 0 0 0 0 0 1 0 1
0 0 0 0 0 0 1 1 0
0 0 0 0 1 0 1 0 1
0 0 0 1 0 1 0 1 0
1 0 0 0 1 0 0 1 0
0 1 1 1 0 0 0 0 0
0 0 1 0 1 1 0 0 1
1 1 0 1 0 0 0 1 0

Graph 388, order 9.
0 1 0 0 0 0 0 0 1
1 0 1 0 0 0 0 0 0
0 1 0 0 0 0 0 1 0
0 0 0 0 0 1 0 1 1
0 0 0 0 0 0 1 1 1
0 0 0 1 0 0 1 0 1
0 0 0 0 1 1 0 0 1
0 0 1 1 1 0 0 0 1
1 0 0 1 1 1 1 1 0

Graph 389, order 9.
0 0 1 0 1 0 0 0 0
0 0 0 1 0 1 0 0 0
1 0 0 0 0 0 0 1 0
0 1 0 0 0 0 0 0 1
1 0 0 0 0 0 0 0 1
0 1 0 0 0 0 0 1 0
0 0 0 0 0 0 0 1 1
0 0 1 0 0 1 1 0 0
0 0 0 1 1 0 1 0 0

Graph 390, order 9.
0 1 1 0 0 0 0 0 0
1 0 0 0 0 0 1 0 1
1 0 0 0 0 0 0 1 1
0 0 0 0 1 0 1 0 1
0 0 0 1 0 0 0 1 1
0 0 0 0 0 0 1 1 1
0 1 0 1 0 1 0 0 0
0 0 1 0 1 1 0 0 0
0 1 1 1 1 1 0 0 0

Graph 391, order 9.
0 0 0 0 0 1 1 0 0
0 0 0 0 0 1 0 1 0
0 0 0 0 0 0 1 0 1
0 0 0 0 0 1 0 0 1
0 0 0 0 0 0 1 1 0
1 1 0 1 0 0 0 0 0
1 0 1 0 1 0 0 0 0
0 1 0 0 1 0 0 0 1
0 0 1 1 0 0 0 1 0

Graph 392, order 9.
0 0 0 0 0 0 1 0 1
0 0 0 0 0 0 0 1 1
0 0 0 0 0 1 1 0 0
0 0 0 0 1 0 1 0 1
0 0 0 1 0 1 0 1 0
0 0 1 0 1 0 0 1 0
1 0 1 1 0 0 0 0 0
0 1 0 0 1 1 0 0 1
1 1 0 1 0 0 0 1 0

Graph 393, order 9.
0 0 0 0 0 0 0 1 1
0 0 0 0 0 1 0 1 0
0 0 0 0 0 0 1 1 0
0 0 0 0 1 1 0 0 1
0 0 0 1 0 0 1 0 1
0 1 0 1 0 0 0 0 1
0 0 1 0 1 0 0 0 1
1 1 1 0 0 0 0 0 0
1 0 0 1 1 1 1 0 0

Graph 394, order 9.
0 0 0 0 0 0 0 1 1
0 0 0 1 0 0 1 0 0
0 0 0 0 1 1 0 0 0
0 1 0 0 0 1 0 1 0
0 0 1 0 0 0 1 0 1
0 0 1 1 0 0 0 1 1
0 1 0 0 1 0 0 1 1
1 0 0 1 0 1 1 0 1
1 0 0 0 1 1 1 1 0

Graph 395, order 9.
0 1 1 0 0 0 0 0 0
1 0 0 0 0 0 1 0 1
1 0 0 0 0 0 0 1 1
0 0 0 0 1 1 0 0 1
0 0 0 1 0 0 1 0 1
0 0 0 1 0 0 0 1 1
0 1 0 0 1 0 0 1 1
0 0 1 0 0 1 1 0 1
0 1 1 1 1 1 1 1 0

Graph 396, order 9.
0 0 0 0 0 0 1 0 1
0 0 0 0 0 0 0 1 1
0 0 0 1 1 0 0 0 1
0 0 1 0 0 1 0 0 1
0 0 1 0 0 0 1 1 0
0 0 0 1 0 0 1 1 0
1 0 0 0 1 1 0 1 0
0 1 0 0 1 1 1 0 0
1 1 1 1 0 0 0 0 0

Graph 397, order 9.
0 0 0 0 0 0 1 0 1
0 0 0 0 0 0 0 1 1
0 0 0 1 0 0 1 0 0
0 0 1 0 0 0 0 1 0
0 0 0 0 0 1 1 0 1
0 0 0 0 1 0 0 1 1
1 0 1 0 1 0 0 0 0
0 1 0 1 0 1 0 0 0
1 1 0 0 1 1 0 0 0

Graph 398, order 9.
0 0 0 0 0 0 0 1 1
0 0 1 0 1 0 0 0 0
0 1 0 1 0 0 0 0 1
0 0 1 0 0 1 0 0 1
0 1 0 0 0 0 1 1 0
0 0 0 1 0 0 1 1 1
0 0 0 0 1 1 0 1 1
1 0 0 0 1 1 1 0 0
1 0 1 1 0 1 1 0 0

Graph 399, order 9.
0 0 0 0 0 0 0 1 1
0 0 0 0 0 0 1 0 1
0 0 0 0 0 1 0 1 0
0 0 0 0 0 0 1 1 0
0 0 0 0 0 1 1 0 1
0 0 1 0 1 0 0 0 1
0 1 0 1 1 0 0 0 0
1 0 1 1 0 0 0 0 0
1 1 0 0 1 1 0 0 0

Graph 400, order 9.
0 0 0 0 0 1 0 0 1
0 0 0 0 0 1 0 1 0
0 0 0 1 0 0 0 1 1
0 0 1 0 1 0 0 0 1
0 0 0 1 0 0 1 0 1
1 1 0 0 0 0 1 0 0
0 0 0 0 1 1 0 1 1
0 1 1 0 0 0 1 0 1
1 0 1 1 1 0 1 1 0

Graph 401, order 9.
0 0 0 0 0 0 1 0 1
0 0 0 0 0 1 1 0 0
0 0 0 1 1 0 0 0 1
0 0 1 0 0 0 0 1 1
0 0 1 0 0 1 0 0 1
0 1 0 0 1 0 0 1 0
1 1 0 0 0 0 0 1 0
0 0 0 1 0 1 1 0 1
1 0 1 1 1 0 0 1 0

Graph 402, order 9.
0 1 1 0 0 0 0 0 0
1 0 0 0 0 0 0 1 0
1 0 0 0 0 0 0 0 1
0 0 0 0 0 1 0 1 0
0 0 0 0 0 0 1 1 0
0 0 0 1 0 0 0 0 1
0 0 0 0 1 0 0 0 1
0 1 0 1 1 0 0 0 0
0 0 1 0 0 1 1 0 0

Graph 403, order 9.
0 0 0 1 0 0 0 0 1
0 0 0 0 0 0 1 0 1
0 0 0 0 0 0 0 1 1
1 0 0 0 0 1 0 0 0
0 0 0 0 0 0 1 1 1
0 0 0 1 0 0 1 1 0
0 1 0 0 1 1 0 0 0
0 0 1 0 1 1 0 0 0
1 1 1 0 1 0 0 0 0

Graph 404, order 9.
0 0 0 0 0 1 0 0 1
0 0 1 0 1 0 0 0 0
0 1 0 0 0 0 0 1 0
0 0 0 0 0 1 1 0 0
0 1 0 0 0 0 1 0 1
1 0 0 1 0 0 0 1 1
0 0 0 1 1 0 0 1 1
0 0 1 0 0 1 1 0 1
1 0 0 0 1 1 1 1 0

Graph 405, order 9.
0 1 0 0 0 0 0 0 1
1 0 0 0 0 0 0 1 0
0 0 0 0 0 1 0 1 1
0 0 0 0 0 0 1 1 1
0 0 0 0 0 1 1 0 1
0 0 1 0 1 0 0 0 1
0 0 0 1 1 0 0 0 1
0 1 1 1 0 0 0 0 0
1 0 1 1 1 1 1 0 0

Graph 406, order 9.
0 0 0 0 0 0 1 0 1
0 0 0 0 0 0 0 1 1
0 0 0 1 1 0 0 0 0
0 0 1 0 0 1 0 0 1
0 0 1 0 0 0 1 1 1
0 0 0 1 0 0 1 1 1
1 0 0 0 1 1 0 1 0
0 1 0 0 1 1 1 0 0
1 1 0 1 1 1 0 0 0

Graph 407, order 9.
0 0 0 0 0 0 0 1 1
0 0 1 0 0 1 0 0 0
0 1 0 0 0 0 1 0 0
0 0 0 0 1 0 0 1 1
0 0 0 1 0 1 1 0 0
0 1 0 0 1 0 0 1 0
0 0 1 0 1 0 0 0 1
1 0 0 1 0 1 0 0 1
1 0 0 1 0 0 1 1 0

Graph 408, order 9.
0 0 0 0 0 0 0 1 1
0 0 1 1 0 0 0 0 1
0 1 0 0 1 0 0 0 1
0 1 0 0 0 1 0 0 1
0 0 1 0 0 0 1 1 0
0 0 0 1 0 0 1 1 0
0 0 0 0 1 1 0 1 1
1 0 0 0 1 1 1 0 0
1 1 1 1 0 0 1 0 0

Graph 409, order 9.
0 0 0 0 0 0 0 1 1
0 0 1 1 0 0 0 1 0
0 1 0 0 0 1 0 0 1
0 1 0 0 0 0 1 0 1
0 0 0 0 0 1 1 1 0
0 0 1 0 1 0 0 1 1
0 0 0 1 1 0 0 1 1
1 1 0 0 1 1 1 0 0
1 0 1 1 0 1 1 0 0

Graph 410, order 9.
0 1 0 0 0 0 0 1 0
1 0 0 0 0 1 1 0 0
0 0 0 0 0 1 0 1 1
0 0 0 0 0 0 1 1 1
0 0 0 0 0 1 1 0 1
0 1 1 0 1 0 0 0 0
0 1 0 1 1 0 0 0 0
1 0 1 1 0 0 0 0 1
0 0 1 1 1 0 0 1 0

Graph 411, order 9.
0 1 0 0 1 0 0 0 0
1 0 0 0 0 1 0 0 0
0 0 0 1 0 0 0 0 1
0 0 1 0 0 0 0 1 0
1 0 0 0 0 0 0 1 0
0 1 0 0 0 0 0 0 1
0 0 0 0 0 0 0 1 1
0 0 0 1 1 0 1 0 0
0 0 1 0 0 1 1 0 0

Graph 412, order 9.
0 0 0 0 0 0 0 1 1
0 0 0 0 0 0 1 0 1
0 0 0 1 0 0 1 0 0
0 0 1 0 0 0 0 1 1
0 0 0 0 0 1 0 1 1
0 0 0 0 1 0 1 0 1
0 1 1 0 0 1 0 0 0
1 0 0 1 1 0 0 0 0
1 1 0 1 1 1 0 0 0

Graph 413, order 9.
0 0 0 1 0 0 0 0 1
0 0 0 1 0 0 0 1 0
0 0 0 0 0 1 1 0 0
1 1 0 0 0 0 0 0 0
0 0 0 0 0 0 1 1 1
0 0 1 0 0 0 0 1 1
0 0 1 0 1 0 0 0 1
0 1 0 0 1 1 0 0 0
1 0 0 0 1 1 1 0 0

Graph 414, order 9.
0 0 0 0 0 0 0 1 1
0 0 0 0 0 0 1 1 0
0 0 0 0 0 1 0 1 0
0 0 0 0 1 1 0 0 0
0 0 0 1 0 0 1 0 1
0 0 1 1 0 0 0 0 1
0 1 0 0 1 0 0 0 1
1 1 1 0 0 0 0 0 0
1 0 0 0 1 1 1 0 0

Graph 415, order 9.
0 0 0 0 0 0 0 1 1
0 0 0 0 0 1 0 0 1
0 0 0 0 0 0 1 0 1
0 0 0 0 1 1 0 0 0
0 0 0 1 0 0 1 0 1
0 1 0 1 0 0 0 1 0
0 0 1 0 1 0 0 1 0
1 0 0 0 0 1 1 0 0
1 1 1 0 1 0 0 0 0

Graph 416, order 9.
0 0 0 0 0 0 0 1 1
0 0 0 1 0 0 0 1 0
0 0 0 0 0 1 0 1 0
0 1 0 0 1 0 0 0 0
0 0 0 1 0 0 1 0 1
0 0 1 0 0 0 1 0 1
0 0 0 0 1 1 0 0 1
1 1 1 0 0 0 0 0 0
1 0 0 0 1 1 1 0 0

Graph 417, order 9.
0 1 0 0 0 0 0 0 1
1 0 0 0 0 0 0 1 0
0 0 0 1 0 1 0 0 0
0 0 1 0 0 0 0 1 1
0 0 0 0 0 0 1 1 1
0 0 1 0 0 0 1 0 1
0 0 0 0 1 1 0 0 1
0 1 0 1 1 0 0 0 0
1 0 0 1 1 1 1 0 0

Graph 418, order 9.
0 0 0 0 0 0 0 1 1
0 0 0 0 1 0 0 0 1
0 0 0 1 0 1 0 0 1
0 0 1 0 0 0 1 1 0
0 1 0 0 0 1 1 0 0
0 0 1 0 1 0 0 1 1
0 0 0 1 1 0 0 1 1
1 0 0 1 0 1 1 0 0
1 1 1 0 0 1 1 0 0

Graph 419, order 9.
0 0 0 0 0 0 0 1 1
0 0 1 1 0 0 0 1 0
0 1 0 0 0 0 1 0 1
0 1 0 0 0 1 0 1 0
0 0 0 0 0 1 1 0 1
0 0 0 1 1 0 0 0 1
0 0 1 0 1 0 0 1 0
1 1 0 1 0 0 1 0 0
1 0 1 0 1 1 0 0 0

Graph 420, order 9.
0 0 0 0 0 0 0 1 1
0 0 1 0 0 0 1 0 0
0 1 0 0 1 0 0 0 0
0 0 0 0 0 1 0 1 1
0 0 1 0 0 0 0 1 1
0 0 0 1 0 0 1 0 1
0 1 0 0 0 1 0 0 1
1 0 0 1 1 0 0 0 0
1 0 0 1 1 1 1 0 0

Graph 421, order 9.
0 0 0 1 1 0 0 0 0
0 0 1 0 0 1 0 0 0
0 1 0 0 0 0 1 0 0
1 0 0 0 0 0 0 0 1
1 0 0 0 0 0 0 1 0
0 1 0 0 0 0 0 1 0
0 0 1 0 0 0 0 0 1
0 0 0 0 1 1 0 0 1
0 0 0 1 0 0 1 1 0

Graph 422, order 9.
0 0 0 0 0 1 0 0 1
0 0 0 0 1 0 0 0 1
0 0 0 0 1 0 1 0 0
0 0 0 0 0 1 0 1 0
0 1 1 0 0 0 0 0 0
1 0 0 1 0 0 0 0 0
0 0 1 0 0 0 0 1 1
0 0 0 1 0 0 1 0 1
1 1 0 0 0 0 1 1 0

Graph 423, order 9.
0 0 0 0 0 0 0 1 1
0 0 1 0 0 0 0 1 0
0 1 0 0 0 0 1 0 0
0 0 0 0 1 1 0 0 0
0 0 0 1 0 0 0 1 1
0 0 0 1 0 0 1 0 1
0 0 1 0 0 1 0 0 1
1 1 0 0 1 0 0 0 0
1 0 0 0 1 1 1 0 0

Graph 424, order 9.
0 0 0 0 0 0 0 1 1
0 0 1 0 0 1 0 0 0
0 1 0 0 0 0 1 0 0
0 0 0 0 0 1 0 0 1
0 0 0 0 0 0 1 1 0
0 1 0 1 0 0 0 1 0
0 0 1 0 1 0 0 0 1
1 0 0 0 1 1 0 0 1
1 0 0 1 0 0 1 1 0

Graph 425, order 9.
0 0 0 0 0 0 0 1 1
0 0 0 0 0 0 1 0 1
0 0 0 0 1 0 1 0 0
0 0 0 0 0 1 0 1 0
0 0 1 0 0 1 0 0 1
0 0 0 1 1 0 0 0 1
0 1 1 0 0 0 0 1 0
1 0 0 1 0 0 1 0 0
1 1 0 0 1 1 0 0 0

Graph 426, order 9.
0 0 0 0 0 0 0 1 1
0 0 1 0 0 1 0 0 0
0 1 0 1 0 0 0 0 1
0 0 1 0 0 0 1 0 1
0 0 0 0 0 1 1 1 0
0 1 0 0 1 0 0 1 1
0 0 0 1 1 0 0 1 1
1 0 0 0 1 1 1 0 0
1 0 1 1 0 1 1 0 0

Graph 427, order 9.
0 0 0 0 0 0 0 1 1
0 0 0 0 0 0 1 1 0
0 0 0 1 0 0 0 1 1
0 0 1 0 1 0 0 0 1
0 0 0 1 0 1 0 0 1
0 0 0 0 1 0 1 0 1
0 1 0 0 0 1 0 0 1
1 1 1 0 0 0 0 0 0
1 0 1 1 1 1 1 0 0

Graph 428, order 9.
0 0 0 0 0 0 1 0 1
0 0 0 0 0 1 1 0 0
0 0 0 0 1 0 0 1 0
0 0 0 0 1 1 0 0 1
0 0 1 1 0 0 0 0 1
0 1 0 1 0 0 0 1 0
1 1 0 0 0 0 0 1 0
0 0 1 0 0 1 1 0 1
1 0 0 1 1 0 0 1 0

Graph 430, order 9.
0 0 0 0 0 0 0 1 1
0 0 0 0 0 1 1 0 1
0 0 0 1 0 1 0 0 1
0 0 1 0 1 0 0 0 1
0 0 0 1 0 0 1 1 0
0 1 1 0 0 0 0 1 0
0 1 0 0 1 0 0 1 1
1 0 0 0 1 1 1 0 0
1 1 1 1 0 0 1 0 0

Graph 431, order 9.
0 0 0 0 0 0 0 1 1
0 0 1 0 0 0 1 0 1
0 1 0 0 0 1 0 0 1
0 0 0 0 1 1 0 0 1
0 0 0 1 0 0 1 1 0
0 0 1 1 0 0 0 1 0
0 1 0 0 1 0 0 1 1
1 0 0 0 1 1 1 0 0
1 1 1 1 0 0 1 0 0

Graph 432, order 9.
0 0 0 0 0 0 0 1 1
0 0 0 0 1 0 0 1 0
0 0 0 1 0 0 1 0 0
0 0 1 0 0 0 0 1 1
0 1 0 0 0 1 0 0 1
0 0 0 0 1 0 1 0 1
0 0 1 0 0 1 0 0 1
1 1 0 1 0 0 0 0 0
1 0 0 1 1 1 1 0 0

Graph 433, order 9.
0 0 0 1 0 0 0 1 1
0 0 0 1 1 0 0 0 1
0 0 0 1 0 1 0 0 1
1 1 1 0 0 0 0 0 0
0 1 0 0 0 0 1 1 1
0 0 1 0 0 0 1 1 1
0 0 0 0 1 1 0 1 1
1 0 0 0 1 1 1 0 0
1 1 1 0 1 1 1 0 0

Graph 434, order 9.
0 0 0 0 1 0 0 1 1
0 0 0 0 1 0 1 0 1
0 0 0 0 0 1 1 0 1
0 0 0 0 1 1 0 1 0
1 1 0 1 0 0 0 0 0
0 0 1 1 0 0 0 1 1
0 1 1 0 0 0 0 1 1
1 0 0 1 0 1 1 0 0
1 1 1 0 0 1 1 0 0

Graph 435, order 9.
0 0 0 0 0 0 1 1 1
0 0 0 0 1 0 1 0 1
0 0 0 0 0 1 1 0 1
0 0 0 0 1 1 0 1 1
0 1 0 1 0 0 0 1 1
0 0 1 1 0 0 0 1 1
1 1 1 0 0 0 0 0 1
1 0 0 1 1 1 0 0 0
1 1 1 1 1 1 1 0 0

Graph 436, order 9.
0 1 0 0 0 0 0 1 1
1 0 0 0 1 0 0 0 1
0 0 0 1 0 1 0 0 1
0 0 1 0 0 0 1 1 0
0 1 0 0 0 1 1 0 0
0 0 1 0 1 0 0 1 1
0 0 0 1 1 0 0 1 1
1 0 0 1 0 1 1 0 0
1 1 1 0 0 1 1 0 0

Graph 438, order 9.
0 1 1 0 0 0 0 0 1
1 0 0 0 0 0 1 0 1
1 0 0 0 0 0 0 1 1
0 0 0 0 1 1 0 0 1
0 0 0 1 0 0 1 0 1
0 0 0 1 0 0 0 1 1
0 1 0 0 1 0 0 0 1
0 0 1 0 0 1 0 0 1
1 1 1 1 1 1 1 1 0

Graph 439, order 9.
0 1 1 0 0 0 0 0 1
1 0 0 0 0 0 1 0 1
1 0 0 0 0 0 0 1 1
0 0 0 0 1 0 1 0 1
0 0 0 1 0 0 0 1 1
0 0 0 0 0 0 1 1 1
0 1 0 1 0 1 0 0 0
0 0 1 0 1 1 0 0 0
1 1 1 1 1 1 0 0 0

Graph 440, order 9.
0 0 1 0 1 0 0 0 1
0 0 0 1 0 1 0 0 1
1 0 0 0 0 0 1 0 1
0 1 0 0 0 0 0 1 1
1 0 0 0 0 0 0 1 1
0 1 0 0 0 0 1 0 1
0 0 1 0 0 1 0 1 1
0 0 0 1 1 0 1 0 1
1 1 1 1 1 1 1 1 0

